0.0428152	0.0862181	-0.0270796	8.36231e-08	5.47781e-08	-2.55656e-09	0.0109648
0.0986328	-0.176013	0.345385	-2.3089e-07	-8.49235e-08	-5.03068e-07	0.363078
-0.0884662	0.283145	0.338383	4.55872e-07	-2.49645e-07	1.60484e-08	0.758578
-1.27442	-0.605712	-2.24309	6.04551e-07	-5.75646e-08	-7.17499e-07	0.912011
-0.00116026	0.0557703	-0.192063	-1.45032e-07	-3.0265e-07	1.30265e-07	1.31826
0.919273	0.936324	0.317384	3.33908e-07	7.92511e-07	-5.63868e-09	0.691831
-0.70779	0.780344	1.2042	-3.32214e-07	-5.31577e-08	-4.90725e-08	0.331131
0.10061	-0.180905	0.217143	2.91787e-07	1.00064e-07	8.02775e-07	0.363078
0.417895	0.210494	0.176226	-8.88211e-07	2.03166e-07	1.273e-07	0.190546
1.2308	-1.2831	0.280682	-7.14554e-07	1.23413e-06	-3.12942e-07	0.331131
0.373553	-0.923561	2.18346	7.03802e-07	8.3904e-07	4.39402e-07	0.120226
0.0172746	0.0461116	0.00867801	3.54031e-07	6.01528e-08	-2.5369e-08	0.1
0.332135	-0.437459	0.0285692	-6.57464e-08	6.39144e-07	4.42235e-07	0.831764
-0.0415534	-0.304864	0.792358	-5.40859e-07	1.17131e-07	6.05105e-07	0.275423
0.0438088	-0.0170735	0.0170082	5.45724e-07	6.87497e-07	1.98829e-07	0.109648
0.419828	-0.153272	0.53875	2.15778e-07	3.54756e-07	-6.31535e-08	1.58489
0.263543	-0.969062	-0.825508	3.86497e-07	-2.85438e-07	-1.98859e-07	0.301995
2.48929	-1.54955	-1.00615	-5.17492e-08	-1.66637e-07	4.89851e-07	2.29087
0.0922982	-0.120599	-0.130142	-1.59542e-08	8.89486e-09	-8.1452e-09	0.758578
-0.167825	0.155926	-0.10011	5.31531e-10	7.54249e-09	-1.85156e-08	0.20893
0.587981	-0.534873	0.520277	4.35888e-08	4.08303e-08	5.73615e-09	0.131826
-0.548469	-0.325061	-1.07518	-7.59942e-07	5.29397e-07	1.60708e-07	0.190546
0.0504145	0.185215	-0.230551	1.48918e-07	-6.8877e-09	5.81027e-08	0.120226
-0.0357433	-0.456113	0.388179	-4.08903e-07	-6.26627e-07	-2.20312e-07	0.912011
0.287798	-1.89681	-0.970464	-3.21934e-08	-2.37132e-08	1.12729e-09	0.47863
-0.457929	0.140911	0.142986	-6.65758e-07	4.01359e-07	1.88884e-07	0.524807
-0.037614	0.0987388	-0.33367	3.65154e-09	-1.1497e-09	1.96302e-08	0.524807
-2.91903	-1.14656	0.295257	-3.68234e-07	1.20281e-07	-1.62284e-07	0.131826
0.0248549	0.0957071	0.0149127	-1.0012e-06	5.86943e-07	3.76148e-07	0.131826
0.662224	0.143009	-0.321725	-4.92095e-08	1.79318e-08	8.51873e-08	0.190546
2.26308	0.209867	0.914834	3.25032e-07	3.44591e-07	-8.80688e-07	1.7378
1.31676	0.12495	2.12144	-5.58862e-07	-9.06457e-07	3.47001e-07	0.0331131
-0.0401774	-0.00679639	0.0289756	-5.2311e-07	-1.55164e-07	4.05809e-07	0.0912011
0.290241	0.343547	-0.0153457	3.54526e-07	2.60571e-07	3.7085e-09	0.691831
0.592574	-0.135126	-2.11438	4.51303e-07	1.88867e-07	-1.18282e-06	1.09648
-0.359806	-0.491207	-0.59309	-2.82306e-07	-3.86808e-07	3.29086e-08	0.120226
-0.248036	-1.54727	-0.65912	7.42147e-08	-4.65897e-08	4.81828e-08	0.190546
0.494154	0.082031	0.488961	3.71259e-08	1.36623e-08	-5.91691e-09	0.144544
-1.74068	-1.39465	3.25998	-6.18977e-08	-2.67525e-07	7.72657e-07	0.301995
0.0316092	0.0175526	-0.0345364	2.37229e-09	-5.772e-08	1.0518e-07	0.0630957
-0.100717	-0.0723837	-0.217064	-9.05307e-08	5.55159e-08	2.15226e-07	0.109648
0.200677	-2.57915	2.71481	9.64935e-08	-1.05555e-07	-3.52061e-07	0.190546
-3.67985	-1.57468	0.617721	-3.65757e-07	8.37861e-08	2.29786e-07	0.131826
0.119828	0.139139	0.079255	1.24965e-07	-9.93746e-08	8.31164e-08	0.17378
-2.02285	0.76869	0.396494	-9.57646e-07	-1.61816e-08	1.2566e-06	0.17378
-0.0263204	0.349665	0.82888	1.10714e-08	-4.34822e-09	1.60784e-08	0.630957
0.0284932	-0.0971576	0.110673	1.1283e-08	-1.05592e-08	-9.87988e-08	0.1
0.763327	-0.336215	-1.12441	-5.30164e-07	-2.52788e-08	1.78569e-07	0.131826
0.482543	-1.23372	-0.804733	9.82594e-08	-8.31192e-07	7.11654e-08	1.31826
-0.147877	-0.0250411	0.00228676	1.07403e-07	1.15958e-07	-8.04623e-07	0.301995
1.95196	1.22579	-2.76537	-2.81428e-08	-9.41788e-07	-6.41751e-07	0.758578
-0.972056	0.743366	-2.35053	-8.07819e-07	2.4896e-07	9.3437e-07	0.436516
0.59727	-0.79145	-0.675926	1.18328e-06	2.92952e-07	-2.27193e-07	0.131826
-0.599634	-0.295882	-0.809563	-3.57307e-08	-2.02597e-10	1.79799e-08	0.0912011
-0.0371598	0.0413545	0.0831201	1.64785e-07	-1.94744e-07	4.06597e-07	0.301995
-0.0568678	-0.265864	-0.358584	2.85669e-08	8.51451e-07	-1.1754e-07	0.0363078
-0.268085	-1.48571	1.1536	-6.16472e-07	-2.39481e-08	5.09303e-07	0.436516
-1.75175	-0.583496	1.61041	-2.35454e-09	-9.21202e-09	-1.19623e-07	0.0912011
-0.46155	1.41336	-0.198488	1.25943e-07	1.24826e-07	-1.90149e-07	0.0691831
-0.0993951	1.56072	-1.54735	3.43161e-09	1.88045e-08	-5.88338e-09	0.1
-1.43707	-0.243293	-0.527375	-8.65274e-08	8.61389e-08	6.85062e-08	0.758578
-0.261095	-0.0971577	0.111308	-9.58286e-07	-3.68264e-07	-3.35364e-07	0.691831
0.0474619	-2.78198	1.12176	-1.86536e-07	2.23381e-07	1.33061e-07	0.363078
-0.0394483	0.0257532	0.0167512	1.64901e-07	1.02938e-07	4.70284e-08	0.57544
-0.241683	0.243253	-0.0701239	-2.24591e-07	-3.45277e-08	1.63605e-07	0.0436516
-0.709951	-0.775175	-1.20626	1.26048e-07	2.2493e-07	-7.36151e-07	0.229087
-0.273709	-0.049803	-0.112264	-5.8759e-07	2.16904e-07	-9.76366e-07	0.131826
0.262241	-0.401487	1.31531	-1.95155e-07	2.13902e-07	1.36236e-07	0.109648
0.324112	-0.0720535	0.303743	-2.12757e-07	-5.2482e-07	4.44632e-07	0.0831764
-1.28334	0.327324	0.805239	-5.2694e-08	1.17831e-07	-2.25697e-07	0.363078
0.398146	-0.143981	-0.152478	7.55836e-08	1.40289e-07	1.79461e-07	0.109648
0.0346304	-0.240376	-0.317837	1.77396e-08	1.47834e-07	-1.33531e-07	1.09648
-0.00674922	0.130014	0.151825	-9.84497e-08	-1.66655e-07	5.03349e-08	0.158489
-0.00162374	0.502818	-1.25287	-7.55391e-07	5.12776e-07	-1.13337e-07	0.831764
-0.19683	-0.904562	-0.213369	-2.07719e-08	1.18493e-08	3.20643e-08	0.758578
-1.00219	-0.793515	1.33733	2.90767e-08	3.73364e-07	6.44514e-08	0.47863
-0.408958	-1.37934	-1.85814	6.96917e-07	1.47049e-07	-1.05274e-07	0.1
-0.194091	0.456214	-0.337931	-2.78815e-07	-1.52103e-07	-5.32472e-07	0.691831
-0.0349062	-0.0529976	0.546327	2.80846e-08	9.44353e-09	-9.55096e-08	0.301995
-1.52444	-0.560841	-0.289911	-1.51034e-06	3.84145e-07	6.79198e-07	1.90546
-1.13397	-0.308875	0.242298	2.48164e-07	-1.85617e-07	-1.83197e-07	0.57544
0.240333	-0.423721	-0.255344	-1.19029e-07	4.99904e-09	-2.08344e-07	0.229087
-0.327492	-1.09073	-0.62695	6.25752e-07	6.51325e-07	-1.74958e-07	0.1
-0.103591	-0.266294	-0.800535	-3.03394e-07	-1.53734e-08	4.46448e-07	0.912011
-0.773546	-1.32692	1.71199	4.04121e-07	5.64892e-07	-9.78562e-07	0.251189
-0.563552	1.29102	-2.36182	1.20586e-07	5.21142e-07	2.24209e-07	0.57544
-0.0992451	-2.56684	0.401835	5.72114e-07	-8.36513e-07	3.10694e-07	0.17378
1.89002	-0.885582	-0.231478	6.6672e-08	-2.51285e-08	7.0167e-08	0.1
-0.393121	-0.135599	1.49317	5.49429e-09	-2.60573e-07	-1.85666e-07	0.109648
-0.0015388	0.0498714	0.0032371	9.24164e-08	-6.11824e-07	1.63493e-07	0.251189
0.272111	-1.83399	1.89339	6.25685e-08	-4.10829e-07	-1.97244e-07	0.831764
-0.504983	0.0749747	-0.204624	-3.15644e-07	-2.01641e-07	-6.41102e-08	0.158489
0.00780623	-0.0988435	-0.0130011	-1.87615e-07	-3.98433e-08	4.40015e-07	1.20226
-0.255396	0.0602371	-0.648956	9.8129e-08	-1.06814e-07	2.85239e-07	0.275423
0.208278	-0.245699	0.13694	7.62686e-08	-9.86417e-08	-1.00264e-07	0.630957
0.180853	0.464954	-0.231537	1.39866e-08	1.38921e-06	1.35407e-06	0.0912011
-1.51313	-0.003067	-0.657982	2.41148e-07	1.36547e-08	2.09908e-07	0.251189
-0.329427	-0.267557	0.264369	6.62198e-08	1.81823e-07	-5.05515e-08	0.20893
-0.346067	0.143359	-0.706885	-4.91553e-07	-8.4445e-07	-4.1095e-07	0.57544
-2.21405	1.40477	-1.83428	-1.43403e-07	6.5815e-07	-3.06388e-07	0.1
-0.010729	-0.633324	-1.07763	-1.11104e-07	-7.71178e-07	-1.18716e-06	0.524807
-0.180547	0.0714508	-0.0479311	6.37887e-07	-2.63762e-07	-3.1801e-07	3.63078
-0.0173355	0.0147144	0.0445305	-6.97199e-07	1.72586e-07	-2.48451e-07	2.0893
-0.421576	-1.40583	2.26626	-7.28071e-07	-7.89254e-07	-3.1842e-07	0.912011
-1.1271	0.312359	0.674227	-2.00362e-07	-1.94975e-07	1.54898e-08	0.0912011
0.129118	0.425324	0.0702024	1.03645e-07	-7.45486e-08	5.24691e-07	0.831764
-0.0493142	0.00686187	0.00458548	-5.26477e-08	8.28645e-09	2.75601e-08	0.251189
2.26899	1.14969	-2.47637	-5.41895e-08	-1.1407e-07	-9.8242e-08	0.144544
-1.41697	3.10366	1.55626	2.21192e-07	-1.65952e-07	4.16574e-07	0.691831
-0.0052956	-0.378957	2.21785	1.66387e-07	-9.08377e-07	3.27975e-07	0.109648
-0.210674	-0.12037	-0.0602301	1.56844e-07	-6.26669e-10	3.16168e-08	0.57544
0.60159	0.435355	-1.06703	-9.85185e-07	-3.68433e-07	1.31405e-07	0.758578
-1.6355	-0.959516	1.0134	2.4364e-07	-1.37193e-07	-1.47482e-08	0.131826
0.257762	-0.485851	1.66133	4.71636e-08	2.50054e-08	2.7392e-08	0.109648
0.00610166	0.0776199	0.12821	-1.313e-09	-9.86016e-09	2.99835e-07	0.363078
-0.0199936	-0.00145698	0.249195	-3.77063e-07	9.34097e-07	-1.60271e-07	0.144544
-0.597397	0.11441	0.663345	-1.6268e-07	-1.85428e-07	-4.80366e-07	0.47863
0.677383	0.431464	0.40619	3.98257e-07	8.06886e-07	5.6029e-07	0.275423
3.07453	0.104548	-1.77168	9.86022e-08	-9.62777e-08	-1.9649e-07	0.158489
-0.355848	-2.06785	-0.0857426	-2.38124e-07	2.98934e-08	1.82972e-09	1.44544
-0.11374	-0.095623	-0.0204828	1.96903e-07	2.38524e-08	-2.56931e-08	2.75423
-0.0346198	0.595303	-0.258681	7.97963e-07	2.01131e-07	7.88924e-07	1.44544
0.0160325	0.0249046	-0.040283	-2.97699e-07	-1.15949e-07	1.16322e-07	0.0912011
0.408864	-1.54574	1.51113	-4.54436e-07	-1.8519e-07	-9.58803e-08	0.17378
0.923169	0.641435	0.993136	3.1482e-07	3.54552e-08	-2.09837e-07	0.758578
0.455315	0.0212759	1.32372	9.23346e-08	3.73179e-08	9.03865e-09	0.630957
0.034178	0.0727462	0.996765	5.57386e-08	-1.87247e-08	1.19412e-08	0.57544
-0.0394826	0.0769586	-0.12255	1.45464e-07	-1.47007e-07	7.50282e-08	0.398107
-1.92586	-0.76806	0.333382	-3.40959e-07	-7.25634e-08	4.88345e-07	0.57544
2.22086	0.304666	-0.193573	-1.92726e-07	-9.19183e-08	-1.4835e-07	1.44544
-1.20235	-0.618863	1.33468	-2.81949e-07	-8.39124e-07	1.62407e-07	0.0912011
0.205529	-0.351664	-1.75331	-1.70031e-07	3.95934e-07	-8.90272e-08	0.17378
0.229556	-0.339691	-0.74459	2.77817e-07	-1.58016e-07	1.57741e-08	0.120226
0.14236	-2.49585	0.0216955	-5.83986e-08	1.12246e-08	-1.90954e-07	9.12011
-1.14774	-0.0690046	-0.020706	2.3834e-07	2.7617e-07	4.50915e-07	0.0144544
1.07152	0.0981787	1.38011	-5.53828e-07	-3.05781e-08	4.89836e-07	0.0912011
-0.159342	-1.0848	0.0884261	-9.55819e-07	7.09456e-08	-5.4559e-08	1.31826
-1.24222	0.972913	-0.482517	-7.63513e-07	-8.90636e-08	-4.68097e-07	0.0524807
0.00740383	-0.907689	0.527775	-1.1555e-07	-8.17021e-07	-3.05817e-07	0.131826
-2.50056	0.264873	-0.836393	2.49985e-07	-3.10383e-07	-3.42003e-08	0.190546
0.412147	1.80812	2.35814	-6.27089e-07	-2.61363e-07	1.13175e-06	0.251189
-1.49048	0.396612	0.153871	1.02578e-07	-9.48972e-07	-4.6101e-07	1.90546
-0.0465735	0.0181465	0.00127006	-1.93838e-07	5.40245e-07	-3.25826e-07	0.0229087
-0.340683	0.114327	0.175682	1.9501e-07	-2.6535e-08	-2.26422e-07	2.29087
1.25678	-0.855322	0.302367	-4.13298e-07	-3.82175e-08	-6.42176e-08	0.109648
-0.162652	-0.297929	0.0853372	-1.11215e-08	-1.19537e-08	-9.86581e-08	0.0912011
1.10878	2.01945	-1.40799	-2.55403e-08	-1.25696e-08	2.81015e-08	0.20893
0.65902	-1.31708	0.625295	1.12265e-06	2.67936e-07	3.28434e-07	0.20893
3.14979	-1.90154	-0.391109	-6.61084e-08	9.59739e-08	-4.03508e-07	0.190546
-0.291573	0.080915	-0.333074	2.92008e-07	2.37608e-07	2.27758e-07	0.144544
1.20515	-1.12693	0.0125849	-7.44249e-07	7.12586e-07	-3.85116e-07	0.17378
-0.0404092	0.192313	-0.0371879	-1.93552e-08	2.33899e-09	-4.46136e-09	0.109648
0.500243	-0.55866	0.012498	-2.2731e-07	1.11357e-06	3.17305e-07	0.17378
-0.296172	-0.515164	0.0829938	-5.31167e-07	-7.22234e-07	3.43277e-07	1.20226
0.00610205	0.00319205	-0.0997626	-1.80827e-08	1.3776e-06	-7.92585e-08	1
0.0366473	-0.968439	0.520367	-3.22701e-07	-5.03858e-07	-4.46161e-08	0.131826
-1.201	0.312375	1.00997	1.16714e-07	-1.04012e-07	6.61785e-07	1.31826
0.142245	-0.0215438	0.0424519	7.55425e-08	1.14465e-07	8.24084e-08	0.331131
0.125439	-0.154491	0.0199396	-1.89196e-08	-9.19516e-08	-1.0386e-07	0.109648
2.2337	-2.45526	-2.49094	1.90909e-07	-2.81052e-07	2.111e-07	0.436516
3.18659	1.93615	-1.58097	1.31481e-07	2.90986e-07	1.1679e-07	1.90546
-0.581282	0.06521	-0.133639	-3.79799e-07	-5.14527e-07	-6.33257e-07	0.630957
-0.0709877	0.68691	0.114524	2.05469e-08	-2.10475e-08	-1.7758e-07	0.301995
0.139641	-0.320961	0.719364	4.70485e-08	6.07022e-08	2.23985e-08	0.630957
0.685991	0.137667	-0.0215475	-3.77567e-07	7.05596e-07	8.67166e-07	0.131826
0.0925137	-0.00396578	0.0377557	2.25466e-07	7.0332e-08	-1.50394e-07	0.0912011
-1.46206	0.52252	0.386459	-1.31128e-09	-1.94575e-08	-4.43679e-09	0.120226
1.50721	3.91572	-0.941002	3.87405e-07	-9.86249e-07	2.88059e-08	0.1
-0.0592234	-0.376	-0.122949	-7.52408e-08	7.72014e-07	-6.92773e-07	0.1
-0.583082	-0.0197687	0.140086	-1.42371e-07	-1.5131e-07	3.65015e-07	0.831764
0.336313	0.336073	-0.276493	1.57552e-07	-1.48503e-07	-1.4396e-07	0.20893
0.0586814	1.6073	2.29197	-2.85927e-07	1.27799e-07	-1.26171e-06	0.1
-0.204806	-0.10213	-1.02476	1.0617e-07	-5.62052e-08	-2.74898e-07	0.0831764
-0.734679	0.742835	-0.931903	-5.61247e-07	-4.41334e-07	5.47929e-07	0.20893
0.20485	-0.121031	-0.439759	1.00605e-07	-4.06475e-07	-6.34237e-07	0.912011
0.2877	0.160201	-0.227078	-2.57464e-07	-8.63985e-08	-3.20387e-07	0.229087
0.169403	-0.236716	0.0725813	-7.0106e-07	3.70488e-07	-1.06083e-07	0.20893
-0.049738	-0.0977161	0.102361	-2.24402e-07	2.79689e-07	-1.25769e-07	0.275423
0.161395	-0.0903242	-0.236206	-5.71246e-07	-1.82956e-07	1.43447e-08	0.363078
-0.185543	0.441358	0.361631	5.59942e-07	6.20018e-07	5.85185e-07	1.31826
0.113432	0.1501	0.408783	3.72766e-08	-8.69132e-08	2.84704e-07	0.158489
-0.049991	1.07828	0.211683	6.15597e-09	-1.55446e-08	-3.63382e-08	0.251189
0.768247	1.23193	-0.542814	-5.1226e-09	6.8877e-08	-4.03698e-08	0.301995
-0.0910283	-0.115688	-1.19094	-2.84824e-07	6.53959e-08	6.78128e-08	0.20893
0.234496	-0.142314	-0.121484	9.09358e-08	-1.86892e-07	-7.2125e-08	1.90546
0.519951	-0.0391074	0.174989	-4.11171e-07	1.22841e-07	3.5979e-07	1.44544
-0.837646	1.41567	-0.12933	-2.6337e-08	-4.13228e-07	3.46625e-07	3.63078
0.308812	-0.246077	-0.306727	4.79695e-08	-2.29535e-08	1.50904e-07	0.398107
-1.04948	-0.217986	-2.42354	2.44903e-07	2.13517e-07	-2.33309e-07	0.758578
-0.191592	-0.464945	0.222752	-1.7799e-07	-1.06428e-08	1.22711e-06	0.57544
-0.280079	0.330064	1.27872	5.39174e-07	-7.55795e-08	-1.33311e-06	0.158489
3.83577	-0.784374	0.523571	1.25326e-07	2.90471e-07	-2.76261e-07	0.758578
-4.33125	0.327536	0.235604	-2.94898e-07	-1.95236e-07	-6.72152e-08	0.1
-0.0919666	1.78574	2.15469	-1.03936e-08	-1.28646e-07	5.42414e-08	1.20226
-0.139797	1.03129	-0.13931	5.62312e-08	-4.84401e-08	6.70195e-08	2.51189
-0.0305712	0.202193	-0.400853	4.33703e-08	3.87676e-07	-4.81899e-07	7.58578
1.94019	1.12439	0.511268	7.29832e-08	2.43185e-07	5.59875e-08	0.398107
-0.60839	-0.0014959	-0.346207	-3.8025e-08	3.13361e-08	8.70181e-08	0.691831
1.90582	-1.48223	3.3754	9.42712e-08	-2.87067e-07	-9.11211e-07	0.0912011
0.659097	0.286752	0.695244	9.79431e-08	-9.69861e-08	2.6646e-07	1.09648
0.0777259	0.846393	-0.00879076	1.09363e-08	-1.63867e-07	-1.14141e-07	0.109648
0.226428	0.226782	-1.77124	1.68013e-08	-3.91998e-08	1.33346e-07	0.120226
1.16301	-1.14069	1.40311	-8.03751e-10	3.53737e-07	-6.68563e-08	0.436516
0.0254271	0.375956	-1.08651	1.90247e-07	1.13292e-07	-1.36276e-07	0.630957
0.628234	-1.17746	-0.68477	-2.02318e-07	6.67555e-07	6.88358e-07	0.0912011
-0.592731	0.175653	-0.654077	2.02616e-07	5.1411e-07	-9.07598e-08	0.0630957
-0.175938	-0.00187651	0.177602	-4.23782e-07	-2.82289e-08	2.63841e-07	0.229087
0.104619	0.0492727	0.0955361	-1.41337e-09	-1.27504e-07	-1.27046e-07	0.524807
2.32833	2.72569	1.77469	-9.02803e-09	4.25317e-09	3.87351e-08	0.1
-0.183846	0.439135	0.642932	1.6034e-06	-8.67474e-07	2.49395e-07	0.331131
0.474818	-0.752108	-0.558015	-5.51899e-07	3.38763e-07	-3.97803e-07	0.363078
-0.535744	0.469919	1.43253	-2.34834e-07	5.39324e-07	-8.81807e-07	0.630957
0.315271	-0.657204	0.684607	6.72849e-09	1.1562e-06	-9.86688e-07	0.831764
-1.74534	-1.55387	1.02068	2.22939e-07	3.77542e-07	3.68837e-08	1.90546
-0.248878	-0.842189	-1.02532	2.83404e-07	-1.37979e-07	5.5171e-08	0.0912011
-0.196004	-0.443624	0.121574	1.64227e-07	-2.43186e-07	-6.23682e-08	0.1
1.72606	-0.289754	0.42044	3.23558e-08	1.76549e-07	-1.35423e-08	0.109648
0.50202	0.604942	0.533405	5.35592e-07	4.06588e-08	1.58392e-07	0.630957
1.1158	-0.518206	-0.22126	6.84458e-07	1.02227e-07	5.43568e-07	0.109648
-0.424083	-1.14088	0.284695	1.10034e-07	-4.66141e-08	1.09364e-08	0.20893
-0.0116869	-1.14874	0.0525724	-1.29164e-07	-1.15961e-07	-4.76414e-08	0.109648
0.797608	-0.0325004	-0.292003	4.67765e-08	-1.3163e-07	-9.24154e-09	0.691831
-0.24327	0.0485218	0.0310731	-9.02212e-08	4.24918e-07	1.51342e-07	0.758578
0.160214	-0.165917	0.607703	5.69545e-07	2.45016e-07	-2.7926e-07	0.758578
1.71133	0.530153	-0.888978	4.22459e-07	-1.26183e-07	-1.07294e-06	1.90546
-0.283309	1.79657	-0.338489	1.45496e-07	1.09675e-07	-8.24754e-08	0.047863
0.146698	-0.556295	0.692109	3.10338e-08	-9.43295e-08	1.17832e-08	0.57544
-0.415773	0.571648	0.557092	2.18367e-07	-6.27406e-07	-1.45183e-07	0.47863
0.0238921	-0.138174	-0.0532655	1.34381e-07	-2.95939e-08	-7.06729e-07	0.363078
-0.669625	0.362946	-0.377324	7.90168e-08	-2.59869e-07	-2.0451e-07	0.47863
0.692575	0.655876	0.883271	2.20816e-07	-3.43832e-07	-1.63155e-07	2.29087
0.452081	-1.11345	0.811385	-6.18997e-07	2.23236e-07	-3.38538e-07	0.398107
0.545625	0.950235	0.0966735	-1.83482e-07	-1.02996e-07	-2.6707e-07	0.251189
-0.000443406	-0.099362	0.011269	1.89901e-07	-2.29845e-07	-3.3298e-08	0.912011
2.2859	-0.403649	1.90046	9.88359e-08	-6.8272e-07	-2.67816e-07	0.758578
0.566892	-1.20948	0.195661	-9.27674e-07	-9.389e-08	-5.83614e-07	0.17378
-0.352831	-0.559299	0.353829	-1.71883e-07	7.71213e-08	5.06072e-07	0.630957
-0.836763	-2.14267	1.41379	3.18899e-10	1.95063e-08	4.40467e-09	0.912011
-0.989611	-0.0667516	1.3186	9.9e-09	-7.89499e-08	8.30055e-09	7.58578
0.124203	0.0723446	-0.204548	-2.06096e-07	-4.86483e-07	1.8563e-07	0.912011
0.740486	-0.809551	-0.486115	-1.17784e-07	1.16243e-07	7.08128e-08	0.912011
0.618828	2.64906	1.26473	-2.41926e-07	9.23349e-08	1.0485e-06	0.229087
0.0283227	0.194874	-0.226323	3.56596e-09	-1.86739e-08	9.81762e-08	0.275423
1.12379	1.90264	1.05809	-1.76718e-07	-8.51387e-08	9.96103e-08	0.0912011
0.479896	0.296372	0.204605	-2.1974e-07	-4.87705e-08	-2.27455e-07	0.17378
0.0831676	-0.0338484	-0.0440163	4.12028e-07	5.0554e-07	3.05061e-07	0.144544
-0.691959	0.331163	0.366094	-2.31503e-08	2.17688e-07	2.8579e-07	0.524807
0.19258	0.193704	-0.218842	1.6347e-07	-7.38466e-08	-3.12128e-07	0.524807
0.23041	-0.179568	-1.1639	-4.8891e-08	5.69277e-08	-2.77291e-08	0.758578
-0.0165649	0.00578506	-0.0468203	-2.85048e-07	-1.82113e-07	-2.81393e-07	0.131826
3.27055	1.04754	3.06041	1.01613e-07	5.09455e-07	-2.30284e-08	1.31826
-1.15292	-1.06344	0.316007	2.73349e-08	-2.49587e-07	-6.31949e-07	0.131826
-0.364204	1.40761	0.368767	1.40611e-07	9.46473e-07	-7.75671e-08	1.44544
-0.039962	0.238406	-0.177668	1.05947e-06	4.26005e-07	-9.41517e-07	0.131826
-0.0227335	0.177548	-0.0892186	7.12327e-08	-3.47089e-08	-1.10091e-08	0.630957
0.206922	-0.11256	-1.58257	2.01628e-07	-6.3677e-07	8.73996e-07	0.275423
0.930755	-0.463317	0.146744	4.46401e-07	1.39999e-08	-4.85932e-07	1.31826
0.372603	0.327841	0.0607225	3.46662e-07	-6.48597e-08	-1.41488e-07	0.109648
-0.887818	0.205128	0.411948	1.98205e-07	5.03348e-08	2.19502e-07	1.31826
-0.261497	0.180549	-0.318624	2.33188e-07	-2.97501e-07	3.89414e-08	0.691831
0.213209	-0.176555	-0.354782	2.84937e-09	1.17973e-08	-1.58967e-08	1
-0.451704	-0.919613	0.229729	2.07121e-07	2.92117e-07	-3.77052e-07	0.190546
0.606677	-0.200025	0.560743	-3.32776e-08	3.53574e-08	-6.35803e-08	0.912011
0.633709	-0.206207	0.442596	-1.43348e-07	-1.97228e-07	-1.37668e-07	1.20226
-0.381261	-0.138217	-0.195029	3.05806e-07	3.57596e-07	-3.03657e-07	0.251189
0.234764	-1.19161	0.463627	1.02153e-08	-1.37247e-07	2.56689e-08	0.109648
0.890065	0.394704	-1.3321	4.80255e-07	-1.57196e-08	4.81153e-07	0.17378
0.0226574	-0.0607594	-0.0761244	-9.61386e-07	3.37121e-07	9.89185e-07	0.0831764
2.05923	0.0623021	-0.771811	-1.06453e-07	-2.97043e-09	-3.43888e-07	0.691831
1.23129	0.995369	-0.464388	-3.77679e-07	6.10448e-07	-6.67167e-07	2.0893
0.13229	0.0578096	-0.0407116	2.56078e-07	1.98099e-07	-1.57418e-07	0.831764
-0.44008	0.387199	0.930809	5.01762e-08	5.25162e-08	4.13672e-07	0.57544
-0.208584	-0.0173954	-0.136712	2.17627e-08	3.08405e-08	-1.32381e-08	0.158489
1.02112	1.66192	1.56376	-5.44085e-08	2.78563e-10	-2.52911e-08	0.144544
-0.348266	0.819667	-1.56424	3.54991e-07	4.0071e-07	-7.07982e-08	6.30957
-0.624664	0.0110862	0.179365	8.52483e-08	1.32975e-07	2.0652e-07	0.251189
-0.641439	-0.469177	-1.0288	4.13598e-08	3.92558e-07	1.43483e-07	0.0912011
0.127634	-0.0764658	-0.0190398	2.17623e-07	-8.85081e-07	1.25186e-07	0.301995
-0.139487	0.304443	-0.101774	-1.08163e-08	-1.66182e-08	2.61619e-09	1.7378
-0.705466	-0.164628	-0.534056	1.7852e-08	-7.90502e-09	-3.49115e-08	0.109648
0.0493307	0.0677708	0.0545308	-2.98829e-07	1.34183e-07	9.10826e-08	0.120226
-1.68402	-2.03676	-0.552899	7.4005e-08	1.22815e-07	-1.39426e-07	0.398107
0.0798516	0.0342178	0.0495265	-1.14476e-06	-4.10022e-07	1.03991e-06	0.398107
0.358362	0.258785	0.896999	2.55287e-07	4.72745e-08	1.39106e-08	0.0912011
0.747776	0.492883	-1.56138	-1.72724e-08	-6.17371e-08	4.95873e-07	0.057544
-1.14397	0.356416	0.0656242	-4.13972e-07	-4.47566e-07	1.19328e-06	0.158489
0.306477	0.574205	0.37264	3.61652e-07	-1.31597e-07	3.497e-07	0.524807
-1.80229	-0.565175	-2.39475	1.19425e-07	-1.67674e-07	-2.70598e-07	0.758578
0.73351	1.15771	-0.285799	5.2696e-07	1.30805e-07	7.17777e-07	0.144544
1.64376	0.184398	-2.56253	-2.38121e-07	-3.51481e-08	-5.49603e-07	0.524807
-1.0927	1.20704	4.0338	-2.84457e-07	2.25603e-07	1.12195e-07	3.98107
1.68277	0.156487	-0.183797	2.2518e-07	3.44722e-07	-4.36419e-07	0.20893
0.0703789	0.216675	-0.445083	-1.25611e-07	-6.38153e-07	2.5881e-07	0.363078
1.0453	-0.170606	1.06219	3.31006e-07	-1.77751e-07	5.42623e-07	0.524807
0.389905	-3.00782	-2.20533	3.46901e-07	-2.96193e-07	5.94122e-08	0.229087
-0.311646	0.453174	0.00314979	1.39706e-07	1.71812e-08	-7.60718e-08	0.831764
-1.88178	-0.76831	1.07639	-4.22063e-07	-5.09293e-07	6.67895e-07	0.524807
-0.375635	-0.0727062	-0.321889	-7.14369e-08	-4.30759e-07	4.11514e-07	0.131826
-0.670669	-0.00980888	-0.995041	3.72924e-07	1.98596e-07	-1.22831e-07	1.09648
-1.51472	0.0835752	2.93064	-3.91357e-07	-3.59756e-07	1.76113e-07	0.1
0.186294	0.0554713	0.157218	4.33926e-08	3.68716e-08	1.89096e-08	0.57544
0.110894	-1.35223	-0.749443	3.07031e-07	-3.89297e-07	-4.94146e-07	1.44544
0.274535	0.207915	0.0624653	-6.69e-08	2.41376e-07	-6.97274e-08	0.0398107
0.194678	-0.348614	0.0238517	-6.41684e-07	6.43719e-08	-2.7221e-07	0.47863
0.595688	-0.315116	0.738822	-9.10396e-08	-2.8852e-07	2.2993e-07	0.301995
0.272444	0.205806	-0.076929	4.16297e-07	4.41024e-07	1.28822e-07	0.0912011
-0.107144	0.778035	-0.770183	2.08909e-07	-4.248e-07	8.5808e-07	0.251189
0.187159	-0.0658284	-0.152113	-2.65128e-07	-2.11572e-07	2.12001e-07	0.229087
-0.775727	-0.0608369	1.16385	-2.72238e-07	-1.56826e-07	2.47572e-07	0.144544
-0.596513	-0.0504384	0.0403576	2.37968e-09	3.75188e-08	1.36631e-08	0.120226
-0.159892	0.0891343	0.0805591	2.01998e-07	-3.78658e-08	1.59258e-07	1.09648
-0.207462	0.382222	0.24671	9.22822e-09	-3.03968e-09	1.74814e-08	0.758578
0.283264	-0.45565	0.722596	6.78231e-07	-3.84049e-07	-3.01482e-08	0.144544
1.94485	-2.37451	1.78375	-7.56813e-07	4.52044e-07	1.66051e-06	10
-1.25452	-0.308538	-0.856442	-3.5148e-07	3.48276e-07	3.73585e-07	0.229087
-1.24121	-0.293303	0.442578	5.18583e-07	-7.24838e-07	-2.98802e-07	0.363078
0.868476	-1.34722	2.76961	-3.70218e-09	-1.32364e-07	-9.50824e-07	0.630957
0.121418	-0.0250343	-0.638068	5.39636e-07	1.68253e-06	-5.13296e-07	0.020893
0.453311	-0.363523	-0.291307	4.71449e-08	3.67663e-08	-5.05947e-09	0.436516
-0.108615	0.48738	0.025758	3.83274e-07	-8.12637e-07	-1.97796e-07	0.691831
-0.818568	-1.30366	0.832424	2.52012e-08	-1.85869e-08	-2.48883e-08	0.0912011
0.34673	-0.32287	0.445009	1.6619e-07	-1.17634e-07	8.33258e-08	0.229087
0.154672	0.0159755	-0.579501	1.41967e-08	1.37987e-09	-5.9983e-07	0.20893
3.3177	-0.37153	0.278049	4.58977e-09	4.19169e-07	-3.40406e-07	0.109648
-0.0335192	0.00276324	0.0369976	-6.72605e-07	2.77386e-07	-2.81174e-07	0.1
0.438508	-1.39015	-0.353845	1.58553e-07	2.36033e-07	1.46797e-07	0.144544
-0.600044	-0.144278	-0.426182	7.10894e-08	-6.57408e-08	-7.08834e-08	0.109648
0.18764	0.709913	0.317513	-1.76894e-08	2.52372e-09	-8.98419e-09	0.691831
-2.9108	0.491409	-2.91689	4.97668e-07	3.70454e-07	-5.95559e-07	0.398107
0.0842135	0.379231	-0.227139	1.41392e-07	2.15521e-07	1.89629e-07	0.912011
-0.0979807	0.24129	0.148926	2.28708e-08	-7.32133e-08	2.27319e-08	0.229087
-0.286286	-0.318906	-1.38522	4.78664e-08	-1.66578e-07	5.32504e-07	0.524807
0.213476	1.12073	1.04923	-4.12812e-08	1.95169e-07	1.4316e-08	0.47863
-0.0379367	-0.998079	0.751598	8.33321e-07	1.5034e-07	1.74544e-06	0.363078
-1.22186	1.2391	-2.62568	-2.77078e-07	3.74097e-07	3.45947e-07	0.831764
2.23363	-2.26997	-0.31331	2.67506e-08	-7.18049e-08	2.29884e-08	0.524807
-0.129862	0.271859	-0.518872	2.8161e-08	3.24332e-09	-2.82212e-08	0.758578
0.520217	0.597702	-0.426762	2.54114e-07	-4.75816e-07	-2.49983e-08	0.831764
0.129149	0.508625	-0.290896	9.11405e-07	3.29835e-07	1.44739e-07	0.47863
0.285616	-0.953696	0.835994	-3.12679e-08	-1.36389e-07	-4.49921e-09	0.0158489
-0.0256576	0.00344429	0.096591	-2.96192e-07	5.87914e-10	3.51952e-07	1.58489
0.437024	-0.028816	-0.332686	-1.36004e-07	-5.58835e-07	-6.39379e-07	0.47863
0.43867	-0.681575	0.743656	-2.62429e-07	-1.07408e-07	9.79505e-08	0.47863
0.186609	-2.83878	-0.170295	2.44762e-07	-3.66344e-08	-7.9685e-08	0.20893
-0.0964645	-0.226553	-0.248734	-8.96896e-08	-7.17289e-08	-3.47957e-08	0.20893
-1.82648	-2.52029	3.11	-2.70816e-08	-2.52149e-07	5.7337e-08	0.057544
0.195049	1.09455	-0.293979	1.06469e-07	1.28383e-07	-6.76919e-08	0.229087
-0.0999897	0.300211	0.6244	1.08411e-07	-1.0947e-07	-3.90722e-07	0.47863
3.40739	-0.610026	1.15762	2.35488e-07	-6.18337e-08	-6.56294e-07	0.158489
0.296393	-0.849842	1.00619	6.98434e-08	-2.92934e-07	2.63271e-07	0.144544
-0.993258	0.230161	0.884853	1.04412e-07	-5.55126e-08	2.53804e-07	0.1
0.0169665	-0.567401	-0.194341	-3.04565e-07	6.68133e-08	7.1944e-08	0.524807
0.301782	1.41169	0.136208	4.7656e-07	-5.71261e-08	-5.23004e-09	0.109648
-0.0200311	0.413587	0.434217	5.39784e-08	1.87474e-07	-4.40446e-08	0.691831
-2.02757	2.27529	0.120368	-4.43857e-07	2.29746e-07	-3.31975e-07	0.57544
-1.33878	2.61118	1.3971	-1.21667e-07	5.17338e-08	-9.01151e-08	0.331131
-0.137151	-0.0270241	0.143036	-9.64502e-07	1.84344e-08	-3.31354e-07	0.331131
-0.164106	0.090709	-0.0695786	-1.01253e-06	8.02263e-08	9.9234e-07	0.0912011
0.0379878	-0.350658	-1.04192	4.67137e-08	-8.6453e-08	9.97182e-08	0.120226
0.510409	0.338928	-0.514403	-7.81256e-08	1.17457e-07	1.6882e-07	0.251189
-0.170459	-0.56947	-2.78732	-4.63907e-07	7.50244e-07	-7.22166e-07	0.831764
0.0966535	-0.0247604	-0.00671011	-3.27741e-07	-7.28445e-07	-5.32497e-07	0.20893
0.211542	0.909143	0.176663	-1.25818e-07	-3.743e-08	2.91837e-07	0.158489
-0.568712	0.130449	-1.59673	2.4349e-08	-4.82068e-07	4.78976e-07	0.831764
0.331127	1.42313	1.77624	-2.60203e-07	4.66711e-08	-9.2283e-08	0.190546
0.156284	0.292746	-0.111244	1.32599e-07	-7.92581e-08	-9.23889e-08	2.51189
-0.139855	0.053745	0.00720981	-1.18319e-06	-2.74061e-07	-1.18951e-06	0.131826
-0.508679	-0.201191	0.0571618	6.03172e-08	-2.0148e-07	2.92177e-07	0.20893
-0.768337	1.96309	-2.13446	4.57973e-07	6.2517e-07	8.84488e-08	0.691831
-1.59069	-0.193469	1.98362	-8.24407e-07	-2.53725e-07	9.99188e-07	0.20893
0.159919	0.330312	-0.654079	2.16802e-07	-1.42803e-07	-3.04309e-07	0.0691831
0.80457	0.270136	1.11342	-1.50376e-08	-4.83328e-09	-1.22682e-08	0.20893
-0.942296	-1.39167	-0.773195	-1.24695e-06	-6.3368e-07	-5.96739e-08	0.0831764
1.43861	-1.39144	-0.785363	-4.70841e-07	-1.13523e-08	9.26295e-08	0.275423
0.00643403	-0.132363	-0.0702755	-1.68085e-08	9.01267e-08	-4.71163e-07	0.436516
1.24822	-0.567053	0.283558	5.92054e-07	-3.91944e-07	-1.27572e-06	1
0.288545	0.0806405	0.954064	-4.4958e-07	-2.9172e-07	-5.66725e-07	0.331131
1.2145	-0.260927	-0.383285	1.04048e-07	5.15982e-07	6.54627e-07	0.17378
0.269348	0.0956773	-0.0910901	-6.04917e-07	3.35501e-07	-4.76566e-07	0.301995
-0.148961	-1.34128	-1.03382	-9.26269e-08	6.20208e-07	-1.27913e-07	0.912011
-0.06168	-0.115806	-0.324476	1.48066e-07	-1.22816e-07	-2.03452e-07	0.131826
-0.0695238	0.012667	0.070753	-5.73403e-08	-1.19256e-06	1.2047e-07	0.524807
0.0297969	0.256309	-0.596589	-6.8815e-08	-8.94928e-08	-2.11791e-07	0.109648
-1.231	-2.49735	-0.296429	-8.07193e-08	-1.7842e-07	5.0324e-07	0.630957
-0.847793	0.0464258	0.528291	4.6913e-08	4.26128e-07	8.81257e-07	0.109648
-0.898798	1.0823	-0.650604	-1.59804e-08	9.58442e-10	-1.19878e-08	0.229087
0.15852	-0.414802	-0.0728747	-5.97581e-07	-4.54439e-09	5.01274e-07	0.229087
-0.264729	1.25708	0.556487	3.45289e-07	-1.04402e-06	-6.55136e-07	0.57544
0.0575731	0.0498086	0.129246	5.718e-08	1.84252e-07	1.74304e-07	0.0251189
0.377418	-0.317679	0.0814597	2.67073e-07	2.9148e-07	6.09234e-08	2.51189
-2.64505	-0.672038	1.36182	9.70467e-08	2.81958e-07	1.1611e-07	0.229087
0.687818	-0.511457	0.766693	-5.73659e-07	1.00687e-06	-5.43631e-07	0.0131826
0.044096	-0.163403	-0.416959	1.80071e-07	-3.98791e-08	2.36609e-07	1.20226
0.3364	-1.10586	0.87545	9.00665e-08	9.21846e-08	-2.2581e-07	0.0691831
-1.28515	-1.16897	0.635913	-9.75949e-08	1.88794e-07	-8.95116e-07	0.120226
-0.85601	-1.90754	-0.684508	-7.1086e-08	1.72095e-07	-3.08107e-07	0.691831
0.224202	-0.0506957	-0.0983036	-5.0043e-07	-1.93334e-07	3.10792e-07	0.17378
0.14594	0.451308	-0.278429	-2.04611e-08	1.36177e-08	-4.59343e-07	0.47863
-0.207936	-0.469717	0.310047	-5.44415e-08	8.26166e-08	1.45132e-08	0.229087
-0.46994	-0.0935492	-1.52657	5.05936e-08	-1.63122e-07	1.68617e-07	0.0912011
0.272721	-0.30964	0.565461	6.73516e-08	1.79876e-07	-5.5752e-08	0.144544
-0.213929	-0.376404	-0.122694	-2.48615e-07	-7.46568e-07	-5.84146e-07	0.436516
0.262189	0.425253	-1.20017	-9.95682e-08	2.17877e-07	-4.61536e-07	0.691831
-0.828271	0.354796	0.539062	-1.67022e-07	5.05837e-08	-6.3651e-07	3.01995
-0.0320122	-0.0960774	0.172466	2.46445e-07	1.30285e-07	-2.62849e-08	0.331131
1.36424	-0.0401322	-3.00454	8.61339e-07	-1.28364e-08	-4.23709e-07	0.0831764
-0.365968	0.244814	0.607152	-2.89115e-07	7.51545e-08	2.76426e-08	0.20893
0.322116	-1.23299	2.4369	-1.26923e-07	-2.32883e-08	3.36078e-07	0.912011
1.19349	-1.0116	0.33501	-6.16516e-08	7.43624e-07	-1.01529e-06	0.1
0.262639	0.465141	0.370358	-1.37464e-07	-2.78546e-07	-2.52024e-07	0.630957
0.964927	1.59157	-0.581645	5.3458e-07	-3.82201e-07	-2.41135e-07	0.229087
0.100716	0.122496	-0.630358	-1.42823e-08	-1.58944e-07	-1.15226e-08	0.131826
0.600797	-0.561602	-0.568899	1.92419e-07	8.16773e-09	2.55555e-07	0.120226
1.71533	0.169447	-1.28508	4.1348e-10	-5.19545e-07	2.17523e-08	0.57544
0.0764194	-0.0985603	-0.0833422	-3.89479e-08	3.91542e-07	7.19577e-08	0.120226
0.262643	-0.29469	0.0646251	-1.26061e-07	-1.05716e-08	-4.6303e-07	0.251189
1.00442	0.160391	-0.418817	6.48135e-08	9.23396e-08	-4.08975e-08	0.20893
0.830839	0.311605	-0.15036	4.16135e-08	-2.97433e-07	-3.99752e-07	0.398107
0.346602	0.671939	1.68845	-8.99266e-07	3.61247e-08	4.02807e-09	0.20893
-1.18562	2.80249	1.14143	3.08387e-07	8.22323e-07	5.18732e-07	0.363078
0.533719	0.0567747	0.120085	1.0407e-06	2.3506e-07	4.01616e-07	0.17378
0.344864	0.0868712	0.275721	2.01444e-07	-1.70567e-07	-1.42573e-07	1.20226
-1.48136	0.0136903	-0.604477	-1.27091e-07	4.80154e-08	-1.18078e-07	0.20893
0.813221	-0.893286	0.321267	-1.10178e-06	-3.96787e-07	-5.16754e-07	3.01995
-0.15516	0.107822	-0.163706	-6.88928e-07	4.8951e-07	-9.34537e-07	0.251189
-0.371975	-0.630438	0.163347	-7.05888e-07	-1.14823e-07	-8.32907e-08	0.436516
-0.719739	-0.67509	0.161958	1.15986e-08	-2.73442e-07	9.41007e-07	0.109648
-1.05545	0.274129	-2.52456	-5.69693e-09	2.8392e-08	-2.75942e-08	0.47863
-0.143615	-0.232137	-0.124448	2.02483e-07	-2.73095e-07	-4.43075e-09	0.524807
0.904129	0.0807215	1.19417	4.7676e-09	3.97108e-08	-5.67062e-10	0.158489
-0.111423	0.424025	0.332095	-3.86946e-07	-1.37191e-08	2.83698e-07	0.229087
0.623722	0.0946422	-0.156569	6.55963e-08	-1.92997e-07	-2.7212e-07	0.47863
-0.441602	0.690457	0.225292	-2.08025e-08	6.53232e-08	-1.87883e-07	0.229087
0.0561436	0.0812003	-0.0159499	1.54075e-07	2.14713e-07	-1.41984e-07	0.144544
0.59376	0.362438	-0.0780217	9.96822e-08	6.47321e-08	1.65293e-08	0.190546
-3.44256	2.78201	1.72387	3.9135e-07	8.91907e-08	-6.92019e-07	0.275423
0.129904	-1.19877	-1.59564	9.92312e-09	-3.02359e-09	1.70994e-08	0.1
-0.0377943	0.0143504	0.0294221	-1.56789e-07	-2.4233e-07	4.79889e-07	0.144544
0.349728	0.212082	-0.568077	2.99476e-07	-1.45332e-07	2.56111e-07	0.758578
0.0926366	0.0952911	0.149459	-3.40258e-08	-5.49993e-09	-7.21941e-08	1.44544
0.00814572	-0.0164067	0.0465238	-7.7915e-08	1.76288e-07	2.55444e-07	0.131826
1.12477	0.168208	0.170581	-3.38275e-07	-3.33008e-07	7.12419e-08	0.131826
0.51244	-0.5818	0.197267	-4.31323e-07	3.74635e-07	-1.00044e-07	0.57544
0.424129	-1.17765	-0.914191	-1.96402e-07	3.75237e-08	-4.29174e-09	0.158489
-0.184044	0.802913	0.362572	-2.31288e-07	-8.14925e-07	-1.48334e-07	1.90546
1.02603	0.0840007	0.387556	3.93404e-07	-7.39688e-07	6.07819e-08	0.524807
-0.562061	1.51676	-0.522998	-6.14013e-07	-4.57757e-08	-7.27526e-08	0.0831764
0.226524	1.75938	-0.809794	3.56569e-07	4.70946e-07	2.46309e-07	0.190546
0.0304525	0.305461	-0.456362	1.91696e-07	-7.08728e-07	-1.48881e-06	0.0398107
1.45606	-1.47455	0.738633	3.48312e-08	5.12877e-09	1.96877e-07	0.912011
-0.00480899	-0.0468835	0.0166976	1.22153e-07	9.18231e-09	-1.02928e-07	0.20893
1.10892	0.76047	-0.664823	5.16826e-08	4.78523e-07	2.44835e-07	0.758578
0.947792	0.145943	-3.41802	-7.82294e-08	-1.16074e-07	-2.65428e-09	0.363078
-2.41201	0.191968	-0.38453	5.98587e-07	7.03816e-07	-3.82539e-07	1
0.80505	-1.0915	0.640719	6.1038e-07	3.84029e-08	-6.04617e-07	0.251189
-2.39666	-1.51567	0.607251	-7.32736e-07	-7.9722e-08	-2.55231e-07	0.120226
-0.187139	0.344912	0.077554	2.08651e-07	-2.29841e-07	7.77039e-08	0.1
-2.86458	1.79268	0.911307	5.91253e-07	5.75271e-07	2.43072e-07	0.363078
1.14547	0.0457067	-0.0911667	5.21756e-07	2.51692e-07	-2.8668e-08	0.363078
-0.0278245	0.012323	0.0396729	-8.41282e-07	-5.34922e-08	-2.52553e-07	0.398107
-0.0246223	-0.790664	1.15509	4.07361e-07	2.39895e-07	-2.1658e-07	5.24807
0.0908089	-0.16168	0.0749215	9.06655e-07	-3.18003e-07	-4.47717e-07	3.98107
-0.076935	0.693642	0.644548	3.87691e-07	-2.74932e-09	-4.31379e-07	0.120226
0.406856	-0.438692	-0.044914	-1.52717e-07	5.4643e-08	-1.76895e-07	0.301995
-0.811087	0.179936	-1.12684	-1.48621e-07	-2.67963e-07	-2.57115e-07	0.630957
-0.15972	-0.572136	-0.0845612	4.6558e-08	3.82684e-07	-1.66688e-07	0.0275423
0.447999	-0.992187	-0.370623	1.57728e-07	-1.21532e-07	1.87619e-08	0.1
0.203169	0.11743	0.323933	2.6081e-08	5.35166e-08	-7.4665e-09	0.691831
-1.15637	-0.139826	-1.50108	3.48822e-07	-6.98502e-07	-3.6058e-07	0.331131
-0.865759	-0.632192	-0.642881	4.11295e-07	9.19062e-08	3.98485e-07	0.251189
0.0254316	0.0420496	0.00922284	5.08212e-07	1.12281e-10	-5.1002e-07	1.20226
-1.84839	-0.982932	-0.676241	-7.97314e-07	1.2314e-07	-1.46722e-07	0.331131
1.09848	0.588889	0.637606	-1.83254e-08	-9.02212e-07	1.791e-07	0.158489
-0.101688	-0.373222	-1.02974	-6.4294e-08	3.24385e-07	2.58923e-07	0.0912011
-1.76701	-2.94495	-0.327746	7.01921e-08	-2.77012e-07	-2.18946e-07	0.758578
1.50209	-0.234723	0.963654	1.39083e-08	4.90879e-08	1.51647e-07	0.0831764
-0.1594	0.294873	-0.100706	-3.82795e-07	9.62696e-07	-4.75693e-07	0.251189
-0.760059	-0.369775	0.0898733	-1.43163e-07	2.78409e-07	-2.48984e-07	0.47863
0.435063	-0.450913	-1.19578	9.45454e-08	-1.26069e-07	2.77069e-08	0.109648
0.0399628	-0.290621	0.690248	9.29476e-07	-5.34437e-07	-5.38935e-07	0.109648
-0.310493	0.1965	1.08972	7.06067e-09	-3.18534e-07	-2.73653e-07	0.0758578
0.0487626	-0.00181911	0.0109043	1.66573e-08	3.26002e-08	1.61171e-08	0.131826
0.396677	1.09544	-0.28752	2.84267e-07	5.64936e-08	7.45655e-07	0.158489
-1.26038	-0.215535	0.234479	-6.61706e-08	1.61292e-07	4.47938e-08	1
0.136342	-0.0748166	0.195738	6.02269e-08	-4.45925e-08	2.8004e-08	0.120226
-0.994962	-1.07251	0.331322	4.18402e-07	-6.10381e-07	-6.72588e-07	1.90546
-0.367857	0.401265	0.3552	-5.52154e-07	9.42683e-07	6.66989e-07	0.363078
0.556681	-0.00646655	0.642312	3.59829e-07	3.40823e-07	-6.60498e-08	1.44544
-0.939963	0.0800968	0.461035	-9.37641e-08	8.36642e-08	1.05252e-06	0.363078
0.025109	-0.102653	0.843405	-9.07129e-09	9.66131e-09	-1.4979e-08	0.0912011
-3.35514e-05	0.007714	0.0494013	1.27233e-06	1.15963e-06	2.53041e-07	0.0831764
-0.216732	-0.95043	-0.222957	3.81409e-07	-4.42747e-07	2.07128e-07	0.630957
0.28921	-0.196461	-0.54796	-1.09384e-08	6.07772e-09	1.56017e-08	0.831764
0.194352	-0.137652	-0.815953	9.00833e-07	-3.29053e-07	-5.38725e-07	0.1
-0.492495	0.226126	-0.358909	7.57954e-07	1.72437e-07	-6.45872e-08	0.691831
-0.79284	0.039299	-0.0993023	4.33394e-07	2.4696e-08	-2.04842e-07	1
-0.221617	0.330785	0.0383018	-4.45748e-07	-1.68477e-07	5.7657e-08	0.831764
0.48128	2.05091	-0.429705	-1.56507e-08	-9.18775e-08	3.06127e-07	0.398107
0.860426	1.26902	0.227524	-7.82017e-08	1.0421e-06	1.77521e-07	1
-1.83341	1.45556	0.529133	3.51244e-07	6.95931e-08	-2.55704e-07	0.0691831
